1 0 0 0
2 2 1 1
3 5 3 2
4 6 5 5
5 10 8 7
6 7 13 11
7 12 16 12
8 23 19 17
9 23 23 19
10 20 29 24
11 40 32 28
12 38 37 31
13 54 41 34
14 62 44 38
15 69 51 41
16 87 56 48
17 93 58 49
18 96 65 55
19 126 70 61
20 92 79 66
21 121 81 66
22 158 83 74
23 163 93 75
24 144 98 80
25 182 102 85
26 198 111 97
27 183 114 100
28 206 122 105
29 201 126 108
30 241 134 110
31 261 137 120
32 275 146 120
33 258 150 127
34 401 151 130
35 369 163 139
36 344 166 142
37 342 176 141
38 410 179 158
39 434 190 157
40 367 196 168
41 500 200 165
42 390 210 181
43 476 217 187
44 558 222 182
45 449 225 195
46 604 234 203
47 584 239 211
48 597 253 211
49 608 253 218
50 613 262 220
51 727 262 225
52 770 276 237
53 710 276 234
54 774 291 250
55 775 297 251
56 749 301 261
57 765 305 267
58 944 310 268
59 1010 317 277
60 869 329 282
61 891 331 290
62 958 345 292
63 931 348 302
64 1178 352 298
65 1072 362 311
66 1280 366 314
67 1096 371 315
68 1073 390 332
69 1359 390 331
70 1314 396 342
71 1383 408 352
72 1344 416 358
73 1259 422 360
74 1455 427 374
75 1430 429 376
76 1584 439 380
77 1476 446 386
78 1505 452 391
79 1621 465 403
80 1633 473 409
81 1746 475 413
82 1882 484 417
83 1931 492 436
84 1859 497 427
85 1831 510 433
86 2012 515 450
87 2086 517 459
88 2032 535 471
89 2105 547 468
90 1995 547 469
91 1834 552 480
92 2333 568 479
93 2263 572 492
94 2516 576 507
95 2302 573 516
96 2225 596 521
97 2056 601 520
98 2575 609 535
99 2681 614 538
