2 70.000000000
3 67.000000000
4 71.000000000
5 68.000000000
6 69.000000000
7 77.000000000
8 77.000000000
9 75.000000000
10 74.000000000
11 77.000000000
12 75.000000000
13 78.000000000
14 78.000000000
15 82.000000000
16 88.000000000
17 89.000000000
18 87.000000000
19 89.000000000
20 89.000000000
21 91.000000000
22 94.000000000
23 90.000000000
24 86.000000000
25 89.000000000
26 88.000000000
27 87.000000000
28 87.000000000
29 90.000000000
30 89.000000000
31 103.000000000
32 104.000000000
33 110.000000000
34 111.000000000
35 108.000000000
36 106.000000000
37 106.000000000
38 106.000000000
39 107.000000000
40 110.000000000
41 105.000000000
42 105.000000000
43 108.000000000
44 110.000000000
45 111.000000000
46 107.000000000
47 111.000000000
48 114.000000000
49 116.000000000
50 110.000000000
51 109.000000000
52 107.000000000
53 110.000000000
54 107.000000000
55 107.000000000
56 108.000000000
57 108.000000000
58 109.000000000
59 109.000000000
60 108.000000000
61 109.000000000
62 117.000000000
63 125.000000000
64 123.000000000
65 131.000000000
66 127.000000000
67 129.000000000
68 129.000000000
69 130.000000000
70 132.000000000
71 126.000000000
72 130.000000000
73 133.000000000
74 129.000000000
75 134.000000000
76 133.000000000
77 130.000000000
78 130.000000000
79 125.000000000
80 128.000000000
81 125.000000000
82 141.000000000
83 146.000000000
84 138.000000000
85 136.000000000
86 135.000000000
87 135.000000000
88 131.000000000
89 133.000000000
90 134.000000000
91 133.000000000
92 129.000000000
93 127.000000000
94 131.000000000
95 131.000000000
96 130.000000000
97 131.000000000
98 129.000000000
99 133.000000000
100 132.000000000
101 128.000000000
102 126.000000000
103 125.000000000
104 125.000000000
105 125.000000000
106 139.000000000
107 131.000000000
108 133.000000000
109 134.000000000
110 117.000000000
111 142.000000000
112 132.000000000
113 132.000000000
114 138.000000000
115 128.000000000
116 121.000000000
117 139.000000000
118 135.000000000
119 132.000000000
120 130.000000000
121 128.000000000
122 133.000000000
123 131.000000000
124 130.000000000
125 165.000000000
126 160.000000000
127 162.000000000
128 163.000000000
129 161.000000000
130 161.000000000
131 161.000000000
132 154.000000000
133 162.000000000
134 160.000000000
135 165.000000000
136 165.000000000
137 156.000000000
138 167.000000000
139 163.000000000
140 161.000000000
141 150.000000000
142 172.000000000
143 157.000000000
144 161.000000000
145 161.000000000
146 159.000000000
147 165.000000000
148 152.000000000
149 173.000000000
150 164.000000000
151 170.000000000
152 173.000000000
153 174.000000000
154 174.000000000
155 178.000000000
156 164.000000000
157 168.000000000
158 167.000000000
159 166.000000000
160 167.000000000
161 167.000000000
162 173.000000000
163 163.000000000
164 146.000000000
165 156.000000000
166 141.000000000
167 174.000000000
168 170.000000000
169 163.000000000
170 166.000000000
171 163.000000000
172 163.000000000
173 164.000000000
174 163.000000000
175 163.000000000
176 164.000000000
177 161.000000000
178 156.000000000
179 172.000000000
180 169.000000000
181 167.000000000
182 159.000000000
183 186.000000000
184 168.000000000
185 172.000000000
186 175.000000000
187 172.000000000
188 176.000000000
189 174.000000000
190 173.000000000
191 170.000000000
192 150.000000000
193 156.000000000
194 173.000000000
195 173.000000000
196 160.000000000
197 167.000000000
198 171.000000000
199 149.000000000
