2 0.000000000 0.000000000 0.000000000 
3 0.000000000 0.000000000 0.000000000 
4 0.000000000 0.000000000 0.000000000 
5 0.000000000 0.000000000 0.000000000 
6 0.000000000 0.000000000 0.000000000 
7 0.000000000 0.000000000 0.000000000 
8 0.000000000 0.000000000 0.000000000 
9 0.000000000 0.000000000 0.000000000 
10 0.000000000 15.000000000 0.000000000 
11 0.000000000 0.000000000 0.000000000 
12 0.000000000 0.000000000 0.000000000 
13 0.000000000 0.000000000 0.000000000 
14 0.000000000 0.000000000 0.000000000 
15 0.000000000 0.000000000 0.000000000 
16 0.000000000 0.000000000 16.000000000 
17 0.000000000 0.000000000 0.000000000 
18 0.000000000 0.000000000 0.000000000 
19 0.000000000 0.000000000 0.000000000 
20 0.000000000 0.000000000 0.000000000 
21 15.000000000 0.000000000 0.000000000 
22 0.000000000 0.000000000 0.000000000 
23 0.000000000 0.000000000 0.000000000 
24 0.000000000 16.000000000 0.000000000 
25 0.000000000 0.000000000 0.000000000 
26 0.000000000 0.000000000 0.000000000 
27 0.000000000 16.000000000 0.000000000 
28 0.000000000 0.000000000 0.000000000 
29 0.000000000 0.000000000 0.000000000 
30 15.000000000 0.000000000 0.000000000 
31 0.000000000 0.000000000 0.000000000 
32 0.000000000 16.000000000 0.000000000 
33 0.000000000 9.000000000 3.000000000 
34 2.000000000 3.000000000 3.000000000 
35 2.000000000 3.000000000 4.000000000 
36 2.000000000 4.000000000 3.000000000 
37 2.000000000 4.000000000 3.000000000 
38 2.000000000 4.000000000 3.000000000 
39 2.000000000 3.000000000 4.000000000 
40 2.000000000 4.000000000 4.000000000 
41 2.000000000 4.000000000 3.000000000 
42 3.000000000 4.000000000 4.000000000 
43 3.000000000 4.000000000 4.000000000 
44 3.000000000 5.000000000 4.000000000 
45 2.000000000 5.000000000 4.000000000 
46 3.000000000 4.000000000 4.000000000 
47 2.000000000 5.000000000 4.000000000 
48 3.000000000 5.000000000 4.000000000 
49 3.000000000 6.000000000 4.000000000 
50 3.000000000 5.000000000 5.000000000 
51 3.000000000 6.000000000 5.000000000 
52 3.000000000 6.000000000 4.000000000 
53 4.000000000 6.000000000 4.000000000 
54 4.000000000 6.000000000 5.000000000 
55 4.000000000 5.000000000 6.000000000 
56 4.000000000 6.000000000 4.000000000 
57 4.000000000 6.000000000 6.000000000 
58 4.000000000 6.000000000 6.000000000 
59 5.000000000 7.000000000 5.000000000 
60 5.000000000 7.000000000 5.000000000 
61 4.000000000 8.000000000 5.000000000 
62 4.000000000 7.000000000 5.000000000 
63 4.000000000 5.000000000 0.000000000 
64 0.000000000 16.000000000 0.000000000 
65 0.000000000 16.000000000 0.000000000 
66 15.000000000 0.000000000 0.000000000 
67 16.000000000 0.000000000 15.000000000 
68 7.000000000 8.000000000 6.000000000 
69 5.000000000 8.000000000 6.000000000 
70 5.000000000 9.000000000 6.000000000 
71 6.000000000 8.000000000 7.000000000 
72 6.000000000 8.000000000 6.000000000 
73 6.000000000 9.000000000 7.000000000 
74 6.000000000 8.000000000 7.000000000 
75 6.000000000 9.000000000 7.000000000 
76 3.000000000 0.000000000 16.000000000 
77 0.000000000 15.000000000 0.000000000 
78 16.000000000 0.000000000 16.000000000 
79 7.000000000 10.000000000 8.000000000 
80 7.000000000 9.000000000 8.000000000 
81 7.000000000 10.000000000 7.000000000 
82 7.000000000 10.000000000 8.000000000 
83 7.000000000 10.000000000 9.000000000 
84 9.000000000 11.000000000 8.000000000 
85 8.000000000 11.000000000 8.000000000 
86 9.000000000 11.000000000 8.000000000 
87 9.000000000 11.000000000 8.000000000 
88 8.000000000 12.000000000 8.000000000 
89 9.000000000 12.000000000 8.000000000 
90 9.000000000 12.000000000 8.000000000 
91 10.000000000 11.000000000 9.000000000 
92 6.000000000 0.000000000 15.000000000 
93 16.000000000 0.000000000 16.000000000 
94 0.000000000 15.000000000 16.000000000 
95 0.000000000 16.000000000 15.000000000 
96 0.000000000 16.000000000 0.000000000 
97 15.000000000 16.000000000 0.000000000 
98 16.000000000 15.000000000 0.000000000 
99 16.000000000 16.000000000 15.000000000 
100 0.000000000 16.000000000 15.000000000 
101 0.000000000 16.000000000 16.000000000 
102 18.000000000 15.000000000 10.000000000 
103 11.000000000 15.000000000 10.000000000 
104 10.000000000 14.000000000 11.000000000 
105 10.000000000 15.000000000 11.000000000 
106 11.000000000 16.000000000 1.000000000 
107 15.000000000 16.000000000 0.000000000 
108 15.000000000 16.000000000 16.000000000 
109 0.000000000 15.000000000 16.000000000 
110 16.000000000 15.000000000 0.000000000 
111 16.000000000 16.000000000 15.000000000 
112 0.000000000 16.000000000 15.000000000 
113 16.000000000 16.000000000 15.000000000 
114 0.000000000 16.000000000 16.000000000 
115 15.000000000 16.000000000 15.000000000 
116 16.000000000 16.000000000 0.000000000 
117 15.000000000 16.000000000 16.000000000 
118 15.000000000 16.000000000 15.000000000 
119 0.000000000 32.000000000 0.000000000 
120 15.000000000 16.000000000 16.000000000 
121 15.000000000 16.000000000 15.000000000 
122 16.000000000 16.000000000 15.000000000 
123 0.000000000 32.000000000 0.000000000 
124 15.000000000 16.000000000 15.000000000 
125 24.000000000 20.000000000 12.000000000 
126 15.000000000 20.000000000 12.000000000 
127 16.000000000 21.000000000 13.000000000 
128 15.000000000 10.000000000 15.000000000 
129 16.000000000 16.000000000 15.000000000 
130 16.000000000 15.000000000 16.000000000 
131 16.000000000 15.000000000 16.000000000 
132 16.000000000 15.000000000 16.000000000 
133 15.000000000 16.000000000 16.000000000 
134 15.000000000 32.000000000 0.000000000 
135 15.000000000 31.000000000 16.000000000 
136 16.000000000 15.000000000 16.000000000 
137 16.000000000 15.000000000 16.000000000 
138 15.000000000 32.000000000 15.000000000 
139 16.000000000 16.000000000 15.000000000 
140 16.000000000 15.000000000 16.000000000 
141 16.000000000 31.000000000 0.000000000 
142 31.000000000 16.000000000 15.000000000 
143 16.000000000 31.000000000 16.000000000 
144 16.000000000 15.000000000 16.000000000 
145 16.000000000 31.000000000 15.000000000 
146 24.000000000 26.000000000 16.000000000 
147 20.000000000 27.000000000 17.000000000 
148 19.000000000 27.000000000 16.000000000 
149 21.000000000 27.000000000 17.000000000 
150 21.000000000 26.000000000 17.000000000 
151 22.000000000 27.000000000 15.000000000 
152 21.000000000 27.000000000 16.000000000 
153 20.000000000 28.000000000 17.000000000 
154 21.000000000 28.000000000 16.000000000 
155 21.000000000 28.000000000 17.000000000 
156 21.000000000 28.000000000 17.000000000 
157 22.000000000 29.000000000 16.000000000 
158 22.000000000 29.000000000 17.000000000 
159 22.000000000 27.000000000 17.000000000 
160 22.000000000 28.000000000 17.000000000 
161 23.000000000 28.000000000 17.000000000 
162 22.000000000 30.000000000 17.000000000 
163 23.000000000 30.000000000 1.000000000 
164 31.000000000 47.000000000 15.000000000 
165 32.000000000 31.000000000 31.000000000 
166 31.000000000 32.000000000 15.000000000 
167 32.000000000 46.000000000 16.000000000 
168 31.000000000 32.000000000 31.000000000 
169 31.000000000 31.000000000 32.000000000 
170 15.000000000 47.000000000 16.000000000 
171 31.000000000 47.000000000 15.000000000 
172 32.000000000 47.000000000 15.000000000 
173 31.000000000 47.000000000 16.000000000 
174 31.000000000 47.000000000 16.000000000 
175 31.000000000 47.000000000 31.000000000 
176 31.000000000 32.000000000 31.000000000 
177 31.000000000 31.000000000 32.000000000 
178 31.000000000 47.000000000 15.000000000 
179 32.000000000 47.000000000 31.000000000 
180 31.000000000 31.000000000 32.000000000 
181 31.000000000 47.000000000 15.000000000 
182 47.000000000 31.000000000 32.000000000 
183 31.000000000 47.000000000 15.000000000 
184 47.000000000 32.000000000 15.000000000 
185 32.000000000 46.000000000 16.000000000 
186 16.000000000 47.000000000 15.000000000 
187 16.000000000 47.000000000 15.000000000 
188 32.000000000 31.000000000 15.000000000 
189 32.000000000 31.000000000 16.000000000 
190 31.000000000 47.000000000 15.000000000 
191 32.000000000 31.000000000 15.000000000 
192 32.000000000 47.000000000 15.000000000 
193 37.000000000 38.000000000 20.000000000 
194 32.000000000 40.000000000 20.000000000 
195 32.000000000 42.000000000 21.000000000 
196 33.000000000 41.000000000 22.000000000 
197 33.000000000 41.000000000 22.000000000 
198 33.000000000 40.000000000 21.000000000 
199 32.000000000 41.000000000 21.000000000 
200 33.000000000 40.000000000 23.000000000 
201 34.000000000 41.000000000 23.000000000 
202 32.000000000 40.000000000 21.000000000 
203 32.000000000 40.000000000 22.000000000 
204 33.000000000 34.000000000 15.000000000 
205 32.000000000 46.000000000 16.000000000 
206 31.000000000 47.000000000 31.000000000 
207 32.000000000 47.000000000 15.000000000 
208 47.000000000 31.000000000 32.000000000 
209 31.000000000 31.000000000 31.000000000 
210 32.000000000 47.000000000 15.000000000 
211 31.000000000 47.000000000 16.000000000 
212 47.000000000 31.000000000 15.000000000 
213 32.000000000 60.000000000 24.000000000 
214 38.000000000 47.000000000 25.000000000 
215 40.000000000 46.000000000 25.000000000 
216 38.000000000 46.000000000 24.000000000 
217 38.000000000 46.000000000 24.000000000 
218 38.000000000 48.000000000 24.000000000 
219 37.000000000 46.000000000 24.000000000 
220 30.000000000 47.000000000 31.000000000 
221 52.000000000 50.000000000 24.000000000 
222 40.000000000 51.000000000 27.000000000 
223 45.000000000 54.000000000 27.000000000 
224 44.000000000 53.000000000 26.000000000 
225 42.000000000 52.000000000 32.000000000 
226 43.000000000 53.000000000 27.000000000 
227 45.000000000 54.000000000 27.000000000 
228 44.000000000 53.000000000 26.000000000 
229 45.000000000 55.000000000 34.000000000 
230 56.000000000 55.000000000 26.000000000 
231 43.000000000 54.000000000 30.000000000 
232 47.000000000 54.000000000 27.000000000 
233 46.000000000 55.000000000 28.000000000 
234 44.000000000 53.000000000 27.000000000 
235 45.000000000 53.000000000 26.000000000 
236 46.000000000 55.000000000 28.000000000 
237 47.000000000 54.000000000 27.000000000 
238 46.000000000 57.000000000 30.000000000 
239 48.000000000 55.000000000 29.000000000 
240 46.000000000 57.000000000 28.000000000 
241 46.000000000 56.000000000 27.000000000 
242 48.000000000 57.000000000 27.000000000 
243 46.000000000 54.000000000 27.000000000 
244 46.000000000 56.000000000 27.000000000 
245 49.000000000 57.000000000 27.000000000 
246 50.000000000 58.000000000 29.000000000 
247 48.000000000 59.000000000 28.000000000 
248 50.000000000 60.000000000 29.000000000 
249 48.000000000 57.000000000 28.000000000 
250 50.000000000 59.000000000 28.000000000 
251 50.000000000 58.000000000 28.000000000 
252 51.000000000 59.000000000 30.000000000 
253 51.000000000 59.000000000 28.000000000 
254 52.000000000 60.000000000 30.000000000 
255 53.000000000 66.000000000 30.000000000 
256 54.000000000 61.000000000 30.000000000 
257 52.000000000 62.000000000 29.000000000 
258 55.000000000 68.000000000 30.000000000 
259 57.000000000 67.000000000 31.000000000 
260 57.000000000 66.000000000 31.000000000 
261 55.000000000 66.000000000 28.000000000 
262 56.000000000 67.000000000 31.000000000 
263 57.000000000 67.000000000 30.000000000 
264 57.000000000 63.000000000 31.000000000 
265 54.000000000 66.000000000 30.000000000 
266 56.000000000 66.000000000 30.000000000 
267 56.000000000 66.000000000 31.000000000 
268 57.000000000 66.000000000 31.000000000 
269 57.000000000 68.000000000 34.000000000 
270 60.000000000 69.000000000 30.000000000 
271 60.000000000 69.000000000 33.000000000 
272 64.000000000 72.000000000 33.000000000 
273 63.000000000 71.000000000 35.000000000 
274 63.000000000 74.000000000 34.000000000 
275 60.000000000 73.000000000 32.000000000 
276 61.000000000 75.000000000 34.000000000 
277 68.000000000 82.000000000 37.000000000 
278 65.000000000 72.000000000 36.000000000 
279 61.000000000 73.000000000 32.000000000 
280 63.000000000 73.000000000 32.000000000 
281 61.000000000 74.000000000 33.000000000 
282 62.000000000 74.000000000 36.000000000 
283 65.000000000 80.000000000 32.000000000 
284 64.000000000 76.000000000 34.000000000 
285 64.000000000 76.000000000 40.000000000 
286 68.000000000 78.000000000 34.000000000 
287 65.000000000 77.000000000 34.000000000 
288 67.000000000 76.000000000 33.000000000 
289 66.000000000 77.000000000 34.000000000 
290 66.000000000 74.000000000 35.000000000 
291 65.000000000 78.000000000 34.000000000 
292 68.000000000 75.000000000 33.000000000 
293 68.000000000 76.000000000 34.000000000 
294 67.000000000 77.000000000 33.000000000 
295 70.000000000 77.000000000 35.000000000 
296 74.000000000 81.000000000 35.000000000 
297 70.000000000 83.000000000 34.000000000 
298 70.000000000 79.000000000 34.000000000 
299 73.000000000 81.000000000 39.000000000 
300 74.000000000 83.000000000 37.000000000 
301 73.000000000 84.000000000 35.000000000 
302 72.000000000 81.000000000 38.000000000 
303 76.000000000 92.000000000 37.000000000 
304 80.000000000 89.000000000 40.000000000 
305 79.000000000 94.000000000 39.000000000 
306 78.000000000 89.000000000 37.000000000 
307 83.000000000 95.000000000 42.000000000 
308 89.000000000 92.000000000 44.000000000 
309 80.000000000 100.000000000 39.000000000 
310 79.000000000 89.000000000 38.000000000 
311 80.000000000 87.000000000 39.000000000 
312 79.000000000 95.000000000 38.000000000 
313 84.000000000 99.000000000 40.000000000 
314 81.000000000 94.000000000 42.000000000 
315 80.000000000 91.000000000 39.000000000 
316 82.000000000 95.000000000 38.000000000 
317 82.000000000 97.000000000 41.000000000 
318 97.000000000 96.000000000 38.000000000 
319 83.000000000 97.000000000 42.000000000 
320 81.000000000 97.000000000 38.000000000 
321 85.000000000 98.000000000 39.000000000 
322 87.000000000 97.000000000 41.000000000 
323 93.000000000 101.000000000 41.000000000 
324 86.000000000 99.000000000 41.000000000 
325 87.000000000 102.000000000 38.000000000 
326 85.000000000 96.000000000 39.000000000 
327 84.000000000 97.000000000 41.000000000 
328 87.000000000 97.000000000 43.000000000 
329 86.000000000 96.000000000 37.000000000 
330 82.000000000 94.000000000 38.000000000 
331 81.000000000 92.000000000 37.000000000 
332 84.000000000 96.000000000 39.000000000 
333 85.000000000 95.000000000 41.000000000 
334 89.000000000 98.000000000 39.000000000 
335 93.000000000 97.000000000 41.000000000 
336 89.000000000 97.000000000 40.000000000 
337 86.000000000 93.000000000 37.000000000 
338 88.000000000 98.000000000 39.000000000 
339 89.000000000 98.000000000 40.000000000 
340 89.000000000 99.000000000 41.000000000 
341 88.000000000 98.000000000 39.000000000 
342 88.000000000 100.000000000 40.000000000 
343 90.000000000 97.000000000 40.000000000 
344 90.000000000 98.000000000 40.000000000 
345 96.000000000 104.000000000 41.000000000 
346 91.000000000 101.000000000 40.000000000 
347 92.000000000 103.000000000 40.000000000 
348 94.000000000 110.000000000 44.000000000 
349 97.000000000 110.000000000 43.000000000 
350 98.000000000 105.000000000 41.000000000 
351 98.000000000 111.000000000 42.000000000 
352 96.000000000 104.000000000 42.000000000 
353 100.000000000 103.000000000 40.000000000 
354 95.000000000 104.000000000 41.000000000 
355 96.000000000 106.000000000 40.000000000 
356 97.000000000 110.000000000 41.000000000 
357 92.000000000 101.000000000 39.000000000 
358 90.000000000 102.000000000 44.000000000 
359 95.000000000 106.000000000 41.000000000 
360 97.000000000 104.000000000 43.000000000 
361 104.000000000 109.000000000 43.000000000 
362 96.000000000 109.000000000 43.000000000 
363 97.000000000 115.000000000 47.000000000 
364 101.000000000 115.000000000 44.000000000 
365 105.000000000 116.000000000 44.000000000 
366 114.000000000 119.000000000 54.000000000 
367 123.000000000 127.000000000 56.000000000 
368 110.000000000 124.000000000 49.000000000 
369 107.000000000 126.000000000 45.000000000 
370 109.000000000 119.000000000 47.000000000 
371 113.000000000 121.000000000 45.000000000 
372 111.000000000 118.000000000 44.000000000 
373 111.000000000 123.000000000 48.000000000 
374 107.000000000 118.000000000 45.000000000 
375 107.000000000 119.000000000 46.000000000 
376 116.000000000 122.000000000 47.000000000 
377 113.000000000 135.000000000 50.000000000 
378 115.000000000 117.000000000 45.000000000 
379 113.000000000 132.000000000 50.000000000 
380 121.000000000 136.000000000 51.000000000 
381 123.000000000 134.000000000 48.000000000 
382 119.000000000 125.000000000 46.000000000 
383 121.000000000 129.000000000 46.000000000 
384 115.000000000 127.000000000 47.000000000 
385 116.000000000 122.000000000 46.000000000 
386 115.000000000 125.000000000 45.000000000 
387 117.000000000 124.000000000 46.000000000 
388 118.000000000 124.000000000 48.000000000 
389 117.000000000 125.000000000 47.000000000 
390 120.000000000 130.000000000 47.000000000 
391 118.000000000 128.000000000 48.000000000 
392 120.000000000 131.000000000 46.000000000 
393 114.000000000 126.000000000 47.000000000 
394 117.000000000 128.000000000 48.000000000 
395 118.000000000 128.000000000 50.000000000 
396 125.000000000 136.000000000 50.000000000 
397 122.000000000 128.000000000 48.000000000 
398 117.000000000 122.000000000 44.000000000 
399 117.000000000 125.000000000 46.000000000 
400 129.000000000 127.000000000 47.000000000 
401 114.000000000 127.000000000 49.000000000 
402 116.000000000 127.000000000 46.000000000 
403 121.000000000 138.000000000 50.000000000 
404 129.000000000 135.000000000 52.000000000 
405 131.000000000 138.000000000 50.000000000 
406 129.000000000 134.000000000 49.000000000 
407 133.000000000 144.000000000 52.000000000 
408 133.000000000 145.000000000 50.000000000 
409 127.000000000 138.000000000 50.000000000 
410 130.000000000 149.000000000 54.000000000 
411 140.000000000 152.000000000 53.000000000 
412 146.000000000 153.000000000 54.000000000 
413 146.000000000 153.000000000 54.000000000 
414 144.000000000 151.000000000 54.000000000 
415 145.000000000 145.000000000 52.000000000 
416 135.000000000 153.000000000 55.000000000 
417 142.000000000 142.000000000 55.000000000 
418 130.000000000 140.000000000 53.000000000 
419 149.000000000 160.000000000 63.000000000 
420 142.000000000 142.000000000 53.000000000 
421 128.000000000 139.000000000 49.000000000 
422 132.000000000 148.000000000 55.000000000 
423 149.000000000 146.000000000 54.000000000 
424 130.000000000 138.000000000 48.000000000 
425 135.000000000 138.000000000 49.000000000 
426 130.000000000 141.000000000 49.000000000 
427 137.000000000 149.000000000 53.000000000 
428 137.000000000 146.000000000 52.000000000 
429 137.000000000 145.000000000 51.000000000 
430 141.000000000 157.000000000 56.000000000 
431 147.000000000 152.000000000 52.000000000 
432 149.000000000 160.000000000 52.000000000 
433 150.000000000 168.000000000 55.000000000 
434 141.000000000 151.000000000 51.000000000 
435 144.000000000 152.000000000 56.000000000 
436 153.000000000 160.000000000 59.000000000 
437 153.000000000 167.000000000 60.000000000 
438 159.000000000 157.000000000 57.000000000 
439 161.000000000 169.000000000 57.000000000 
440 153.000000000 160.000000000 59.000000000 
441 153.000000000 158.000000000 58.000000000 
442 153.000000000 159.000000000 54.000000000 
443 148.000000000 171.000000000 57.000000000 
444 171.000000000 179.000000000 67.000000000 
445 168.000000000 167.000000000 57.000000000 
446 167.000000000 173.000000000 60.000000000 
447 163.000000000 175.000000000 58.000000000 
448 156.000000000 165.000000000 55.000000000 
449 149.000000000 153.000000000 55.000000000 
450 172.000000000 159.000000000 56.000000000 
451 155.000000000 165.000000000 60.000000000 
452 164.000000000 168.000000000 57.000000000 
453 156.000000000 162.000000000 54.000000000 
454 155.000000000 162.000000000 64.000000000 
455 155.000000000 162.000000000 57.000000000 
456 155.000000000 169.000000000 56.000000000 
457 158.000000000 168.000000000 56.000000000 
458 160.000000000 178.000000000 60.000000000 
459 170.000000000 164.000000000 54.000000000 
460 162.000000000 173.000000000 55.000000000 
461 166.000000000 170.000000000 56.000000000 
462 154.000000000 161.000000000 56.000000000 
463 159.000000000 167.000000000 56.000000000 
464 156.000000000 166.000000000 55.000000000 
465 167.000000000 171.000000000 54.000000000 
466 157.000000000 164.000000000 55.000000000 
467 153.000000000 164.000000000 55.000000000 
468 160.000000000 183.000000000 61.000000000 
469 177.000000000 182.000000000 61.000000000 
470 172.000000000 180.000000000 60.000000000 
471 168.000000000 179.000000000 65.000000000 
472 180.000000000 173.000000000 79.000000000 
473 170.000000000 173.000000000 60.000000000 
474 169.000000000 172.000000000 57.000000000 
475 163.000000000 171.000000000 57.000000000 
476 165.000000000 171.000000000 56.000000000 
477 165.000000000 169.000000000 57.000000000 
478 164.000000000 171.000000000 57.000000000 
479 180.000000000 193.000000000 67.000000000 
480 170.000000000 175.000000000 59.000000000 
481 170.000000000 196.000000000 64.000000000 
482 182.000000000 177.000000000 59.000000000 
483 188.000000000 198.000000000 65.000000000 
484 180.000000000 181.000000000 58.000000000 
485 168.000000000 176.000000000 57.000000000 
486 182.000000000 198.000000000 62.000000000 
487 173.000000000 183.000000000 62.000000000 
488 174.000000000 181.000000000 58.000000000 
489 172.000000000 182.000000000 58.000000000 
490 180.000000000 202.000000000 64.000000000 
491 179.000000000 183.000000000 59.000000000 
492 178.000000000 199.000000000 66.000000000 
493 188.000000000 185.000000000 61.000000000 
494 173.000000000 179.000000000 56.000000000 
495 176.000000000 207.000000000 67.000000000 
496 188.000000000 189.000000000 57.000000000 
497 183.000000000 201.000000000 67.000000000 
498 198.000000000 192.000000000 61.000000000 
499 177.000000000 188.000000000 60.000000000 
