


Initial Array of size: 10 :
804289376 846930886 681692770 714636908 957747786 424238335 719885386 649760485 596516649 189641414 

189641414 424238335 596516649 649760485 681692770 714636908 719885386 804289376 846930886 957747786 
Comparisons (Insertion Sort)= 43

189641414 424238335 596516649 649760485 681692770 714636908 719885386 804289376 846930886 957747786 
Comparisons (Insertion Sort with Binary Search)= 32


Initial Array of size: 20 :
25202355 350490020 783368690 102520052 44897749 967513919 365180533 540383419 304089172 303455729 35005211 521595368 294702567 726956422 336465782 861021530 278722862 233665123 145174053 468703135 

25202355 35005211 44897749 102520052 145174053 233665123 278722862 294702567 303455729 304089172 336465782 350490020 365180533 468703135 521595368 540383419 726956422 783368690 861021530 967513919 
Comparisons (Insertion Sort)= 114

25202355 35005211 44897749 102520052 145174053 233665123 278722862 294702567 303455729 304089172 336465782 350490020 365180533 468703135 521595368 540383419 726956422 783368690 861021530 967513919 
Comparisons (Insertion Sort with Binary Search)= 82


Initial Array of size: 30 :
101513922 801979795 315634015 635723058 369133062 125898160 59961386 89018442 628175011 656478035 131176222 653377366 859484421 914544912 608413784 756898537 734575191 973594317 149798315 38664356 129566406 184803526 412776091 424268973 911759949 749241873 137806862 42999170 982906996 135497281 

38664356 42999170 59961386 89018442 101513922 125898160 129566406 131176222 135497281 137806862 149798315 184803526 315634015 369133062 412776091 424268973 608413784 628175011 635723058 653377366 656478035 734575191 749241873 756898537 801979795 859484421 911759949 914544912 973594317 982906996 
Comparisons (Insertion Sort)= 230

38664356 42999170 59961386 89018442 101513922 125898160 129566406 131176222 135497281 137806862 149798315 184803526 315634015 369133062 412776091 424268973 608413784 628175011 635723058 653377366 656478035 734575191 749241873 756898537 801979795 859484421 911759949 914544912 973594317 982906996 
Comparisons (Insertion Sort with Binary Search)= 144


Initial Array of size: 40 :
511702305 84420911 937477077 827336320 572660336 159126498 805750846 632621722 100661306 433925850 141616117 84353895 939819582 1100531 998898807 548233360 610515434 585990357 374344036 760313750 477171080 356426808 945117276 889947171 780695781 709393584 491705403 918502644 752392754 474612392 53999918 264095053 411549669 843993361 943947739 984210005 855636226 749698579 469348087 956297532 

1100531 53999918 84353895 84420911 100661306 141616117 159126498 264095053 356426808 374344036 411549669 433925850 469348087 474612392 477171080 491705403 511702305 548233360 572660336 585990357 610515434 632621722 709393584 749698579 752392754 760313750 780695781 805750846 827336320 843993361 855636226 889947171 918502644 937477077 939819582 943947739 945117276 956297532 984210005 998898807 
Comparisons (Insertion Sort)= 367

1100531 53999918 84353895 84420911 100661306 141616117 159126498 264095053 356426808 374344036 411549669 433925850 469348087 474612392 477171080 491705403 511702305 548233360 572660336 585990357 610515434 632621722 709393584 749698579 752392754 760313750 780695781 805750846 827336320 843993361 855636226 889947171 918502644 937477077 939819582 943947739 945117276 956297532 984210005 998898807 
Comparisons (Insertion Sort with Binary Search)= 209


Initial Array of size: 50 :
36140788 463480570 40651420 975960371 317097467 892066594 376710090 927612902 330573310 603570492 687926645 660260756 959997301 485560280 402724286 593209441 194953858 894429689 364228444 947346612 221558440 270744729 63958024 633108110 114738083 7905757 469834474 822890675 610120702 791698927 631704567 498777856 255179490 524872353 327254586 572276958 269455306 703964676 352406219 600028617 160051528 40332857 112805732 120048822 378409503 515530019 713258263 573363361 409959701 77486701 

7905757 36140788 40332857 40651420 63958024 77486701 112805732 114738083 120048822 160051528 194953858 221558440 255179490 269455306 270744729 317097467 327254586 330573310 352406219 364228444 376710090 378409503 402724286 409959701 463480570 469834474 485560280 498777856 515530019 524872353 572276958 573363361 593209441 600028617 603570492 610120702 631704567 633108110 660260756 687926645 703964676 713258263 791698927 822890675 892066594 894429689 927612902 947346612 959997301 975960371 
Comparisons (Insertion Sort)= 738

7905757 36140788 40332857 40651420 63958024 77486701 112805732 114738083 120048822 160051528 194953858 221558440 255179490 269455306 270744729 317097467 327254586 330573310 352406219 364228444 376710090 378409503 402724286 409959701 463480570 469834474 485560280 498777856 515530019 524872353 572276958 573363361 593209441 600028617 603570492 610120702 631704567 633108110 660260756 687926645 703964676 713258263 791698927 822890675 892066594 894429689 927612902 947346612 959997301 975960371 
Comparisons (Insertion Sort with Binary Search)= 274
